0.0006100803587716813496
0.0000590484924111788495
0.0000416739380250844994
0.0000176865511534460564
0.0000122631334586296263
0.0000109331259034004560
0.0000097927441863519755
0.0000069516440098830449
0.0000068295031441910576
0.0000063449820736053193
0.0000055059779005592071
0.0000053638742390897210
0.0000044568220169634471
0.0000043728367091727532
0.0000041152128154588517
0.0000038247601145300276
0.0000034774650463903880
0.0000034735763262082443
0.0000033019130758628002
0.0000032252184703400591
0.0000031866646641712621
0.0000030864514521498953
0.0000029892260804351249
0.0000028249368906136716
0.0000028006130198431504
0.0000026901706857338524
0.0000024146922743129254
0.0000023825283778584149
0.0000023521745946713338
0.0000023503630098241715
0.0000022106262582587620
0.0000019659498828855103
0.0000019044818906669646
0.0000018681922889122002
0.0000018166809797306371
0.0000017996812634636150
0.0000016168052950035647
0.0000015591203653735704
0.0000014174467316142640
0.0000013910680500127250
0.0000012862881767775898
0.0000012719681786656184
0.0000012273250584781176
0.0000012096076038491079
0.0000012011492295128956
0.0000011772295950513381
0.0000011613541496344355
0.0000011414616721899612
0.0000011362283966618039
0.0000011135307030037963
0.0000010736466986557405
0.0000010616406107938743
0.0000010579363855637259
0.0000009858750989163836
0.0000009743079955992030
0.0000009502528099397325
0.0000009343424252207278
0.0000009270379716638963
0.0000009258966170097135
0.0000009251327051919890
0.0000009207343839443400
0.0000009168759531776946
0.0000009151269550448584
0.0000009045839031254934
0.0000008891629024137596
0.0000008657017332874150
0.0000008593116157524067
0.0000008523990737220949
0.0000008493419445131613
0.0000008466564359942682
0.0000008185164814759828
0.0000008097600791968668
0.0000008010123298173294
0.0000008008805019932053
0.0000007816491450950128
0.0000007757314336069300
0.0000007612449267576825
0.0000007481329900651141
0.0000007473039442635400
0.0000007448489293306282
0.0000007366835490059469
0.0000007231778221662259
0.0000007226056249391985
0.0000007198356462559098
0.0000007122185622805400
0.0000007060432901604342
0.0000006965316583996072
0.0000006946899930727486
0.0000006936777648914949
0.0000006845945994619433
0.0000006810180431954823
0.0000006752866016235667
0.0000006736760168128889
0.0000006724661259198875
0.0000006562960608728047
0.0000006548487979985012
0.0000006543321145181370
0.0000006511821399099174
0.0000006471419365707969
0.0000006393748513817710
0.0000006320959082869203
0.0000006271895345843348
0.0000006203169735661213
0.0000006197695354373920
0.0000006168642639808404
0.0000006139767173928994
0.0000006125134058143196
0.0000006014822281114276
0.0000005960772693614543
0.0000005866797678292969
0.0000005816079312934411
0.0000005794558331965827
0.0000005791484831109687
0.0000005692009541413052
0.0000005667051017738355
0.0000005642388956213364
0.0000005641343192763941
0.0000005551289919053510
0.0000005484757749830866
0.0000005447193688179855
0.0000005429623133465157
0.0000005387692236545566
0.0000005349193120725127
0.0000005327861218498099
0.0000005325855505273672
0.0000005324316337302724
0.0000005320507136707386
0.0000005275012668254624
0.0000005272099809701016
0.0000005142103725985416
0.0000005125439549857518
0.0000005124711416528773
0.0000005048357587704906
0.0000005040599108918813
0.0000004969881412383931
0.0000004944745993094154
0.0000004940781425611172
0.0000004935225990023963
0.0000004881940996500940
0.0000004875872091693466
0.0000004852866516402453
0.0000004829016378048871
0.0000004821176342491048
0.0000004812559093412227
0.0000004777165121759189
0.0000004747689524941654
0.0000004732149903722070
0.0000004718905329660557
0.0000004713043683396704
0.0000004691329877340002
0.0000004666324252638050
0.0000004663375906072537
0.0000004655012575244601
0.0000004625759901652666
0.0000004621104154631356
0.0000004617951913932560
0.0000004601131770561564
0.0000004597316452337555
0.0000004592956558438080
0.0000004576243253712442
0.0000004552733946170573
0.0000004549508151574932
0.0000004541376953427902
0.0000004540020466189275
0.0000004534893308245969
0.0000004516943279489646
0.0000004512069662392164
0.0000004505155654702666
0.0000004494130381917567
0.0000004488162060951793
0.0000004464796065968358
0.0000004464480625021951
0.0000004464396851177233
0.0000004450102939554872
0.0000004444565849785679
0.0000004438205370148340
0.0000004425228547871056
0.0000004420223240295222
0.0000004416015280859254
0.0000004412555743548756
0.0000004405621907737764
0.0000004380507012494295
0.0000004368522302238920
0.0000004368361599512339
0.0000004363468508801678
0.0000004358034639917359
0.0000004348985560392776
0.0000004334706781143969
0.0000004306170763131824
0.0000004298024904595834
0.0000004292555545881988
0.0000004286580097471669
0.0000004261421590298726
0.0000004258198898774826
0.0000004255710081180022
0.0000004244265882724753
0.0000004242701044543155
0.0000004238329928154477
0.0000004227256832065560
0.0000004218596018889589
0.0000004212733065317807
0.0000004168678983738903
0.0000004134363461434080
0.0000004126187745492568
0.0000004123864291411376
0.0000004105282630833122
0.0000004101698080712285
0.0000004092885853239439
0.0000004088354450145324
0.0000004076844318191426
0.0000004060966092172489
0.0000004059072829283530
0.0000003989079283057295
0.0000003975237789412916
0.0000003947215323793385
0.0000003939845733814172
0.0000003938153389073945
0.0000003935815911963059
0.0000003926937573920539
0.0000003920451442798858
0.0000003914493513539312
0.0000003911949945537723
0.0000003899448324408321
0.0000003897335995679353
0.0000003894702526975574
0.0000003892094877027836
0.0000003888443623956050
0.0000003883591430537621
0.0000003875025127901356
0.0000003867728903723669
0.0000003864617050086472
0.0000003859601408725867
0.0000003849775428817245
0.0000003840043125750549
0.0000003838099316209532
0.0000003827212753344932
0.0000003826533664133460
0.0000003822955687021647
0.0000003817752522864081
0.0000003813882878397065
0.0000003813433797494735
0.0000003813131924512550
0.0000003805400656219249
0.0000003790453638204345
0.0000003787769949808819
0.0000003782804533629154
0.0000003778187483476606
0.0000003771715379980645
0.0000003759539242674494
0.0000003754130530802452
0.0000003737510111737429
0.0000003733604679219092
0.0000003707771523486194
0.0000003704821393270659
0.0000003699902973331463
0.0000003691752859804477
0.0000003675479211086743
0.0000003674082425863485
0.0000003669322315905048
0.0000003651956340231607
0.0000003639328411730604
0.0000003634972588976063
0.0000003634191347733689
0.0000003625040625476507
0.0000003621750696698999
0.0000003620032704856571
0.0000003608210725793708
0.0000003606311370449247
0.0000003605636050775650
0.0000003604988216660263
0.0000003603532255897753
0.0000003599396255107463
0.0000003592223434791580
0.0000003589042433375352
0.0000003586480288060747
0.0000003584728696433340
0.0000003581490846042064
0.0000003580570342773251
0.0000003571464465181237
0.0000003569792540440132
0.0000003561954129690956
0.0000003557430478002791
0.0000003535634560935409
0.0000003535339540002518
0.0000003526050620040396
0.0000003520694071593889
0.0000003516315158163741
0.0000003515198522838197
0.0000003514160530384733
0.0000003513304964711304
0.0000003508246725944710
0.0000003506354819259145
0.0000003500720300669564
0.0000003497300041283542
0.0000003481251211457469
0.0000003473608950840442
0.0000003467062785321136
0.0000003449887380942675
0.0000003448919129261516
0.0000003443391007825886
0.0000003443145504923598
0.0000003439011283378374
0.0000003434460337616421
0.0000003426988096635119
0.0000003423657524595273
0.0000003421041139869889
0.0000003413954157184386
0.0000003408182367698733
0.0000003405868671527529
0.0000003405202199956921
0.0000003401360450844534
0.0000003398318184186883
0.0000003392821294137603
0.0000003391094269117805
0.0000003386364380606430
0.0000003379979344696536
0.0000003375745388974233
0.0000003369864925248089
0.0000003368425827565423
0.0000003364410074816031
0.0000003360792671973961
0.0000003357031872191282
0.0000003356722703918159
0.0000003353590194588085
0.0000003345457211974392
0.0000003343445069623256
0.0000003342948199537136
0.0000003334753782831199
0.0000003332857270952523
0.0000003327584485947574
0.0000003323647040371166
0.0000003304490553249718
0.0000003299658985116310
0.0000003290688225963043
0.0000003287009503016242
0.0000003276693641066343
0.0000003265946179543009
0.0000003265408009203863
0.0000003251970961463978
0.0000003248920568117262
0.0000003246517751728576
0.0000003245284296448355
0.0000003235124491170139
0.0000003234907413002333
0.0000003226316487543716
0.0000003224205688610275
0.0000003220267742179494
0.0000003214998490491085
0.0000003210524256061683
0.0000003206338641783406
0.0000003182206341624105
0.0000003179532931845635
0.0000003165018526632546
0.0000003164722920855145
0.0000003155507566361275
0.0000003139769158984189
0.0000003121791195921935
0.0000003115647637921692
0.0000003103128990332773
0.0000003096561831300667
0.0000003093131724699777
0.0000003081269768648932
0.0000003080814705884421
0.0000003075357371128665
0.0000003074813414130359
0.0000003074140415123254
0.0000003069849306267102
0.0000003062295419324090
0.0000003060730171996288
0.0000003059765976966389
0.0000003058973684678777
0.0000003056865743434631
0.0000003043944657409448
0.0000003038025119159176
0.0000003030933915741695
0.0000003028819570564287
0.0000003028661251926696
0.0000003028536314820632
0.0000003027037014610079
0.0000003025687743486626
0.0000003015070370470343
0.0000003005867186281234
0.0000003000418056257092
0.0000002995015059299002
0.0000002991436665067821
0.0000002988851143954460
0.0000002988469362074701
0.0000002987926080710206
0.0000002983252347756907
0.0000002979658696777797
0.0000002977476253020382
0.0000002971841782132295
0.0000002970059012266780
0.0000002965954955410392
0.0000002963604028731519
0.0000002962789379592585
0.0000002959840914490379
0.0000002958387242828136
0.0000002951375753945591
0.0000002940806468750742
0.0000002938399880239457
0.0000002936963366484014
0.0000002933525539988008
0.0000002931580868064334
0.0000002910836101850447
0.0000002903334938163613
0.0000002901050251153032
0.0000002893753922745969
0.0000002892518718632461
0.0000002888420116161326
0.0000002874700108651232
0.0000002874125894744363
0.0000002872070160805271
0.0000002871815651133281
0.0000002869388100573653
0.0000002864020769399546
0.0000002861270225096751
0.0000002858881470821958
0.0000002846539534874378
0.0000002844385817060397
0.0000002836962692395426
0.0000002828046649996045
0.0000002827340253875403
0.0000002821435620648932
0.0000002817059619574728
0.0000002808016697301075
0.0000002802424407848123
0.0000002797052023427353
0.0000002788556015762148
0.0000002782555613191015
0.0000002775600285654078
0.0000002769839521139792
0.0000002757230052168031
0.0000002738462190840495
0.0000002715326172794462
0.0000002711721545325710
0.0000002707577162457025
0.0000002704067417023004
0.0000002697896977519115
0.0000002692957362254320
0.0000002690266341124207
0.0000002687043800403394
0.0000002682765816192631
0.0000002680251975056328
0.0000002668257272796296
0.0000002667549195498140
0.0000002666978865118509
0.0000002661586360265217
0.0000002659953200965978
0.0000002657983612201737
0.0000002638195995586326
0.0000002630186116839753
0.0000002627737857114254
0.0000002625645667343621
0.0000002610345259604317
0.0000002603218924907389
0.0000002601031877043301
0.0000002595712345874331
0.0000002584240771815413
0.0000002582224752318204
0.0000002580579188630083
0.0000002577787168209507
0.0000002577171053273656
0.0000002574932919947536
0.0000002542525252793757
0.0000002541078043112161
0.0000002540063169679198
0.0000002533022518188174
0.0000002530002793142006
0.0000002525992942978517
0.0000002519145464010956
0.0000002508539544695797
0.0000002506238128319578
0.0000002501705576387683
0.0000002497928233665747
0.0000002494007957596516
0.0000002492497191538771
0.0000002488866377086922
0.0000002481150095319780
0.0000002468192287213101
0.0000002461154735231621
0.0000002458190462226417
0.0000002457745797468772
0.0000002446340321341060
0.0000002439387387194126
0.0000002436601265129419
0.0000002415262714151626
0.0000002396069644043893
0.0000002389502807762463
0.0000002384313008685762
0.0000002379244356203487
0.0000002360796461754302
0.0000002358617171934687
0.0000002350660717053948
0.0000002348307016335787
0.0000002344901903556078
0.0000002336118738304524
0.0000002327579659795121
0.0000002320134533464944
0.0000002318619780406282
0.0000002316522816667352
0.0000002314043467533354
0.0000002311630301559271
0.0000002307827203801253
0.0000002305507206190024
0.0000002296996014953840
0.0000002295666590400105
0.0000002293425888296904
0.0000002281548834046355
0.0000002275916122332518
0.0000002275121798931201
0.0000002274834943697696
0.0000002274331727386186
0.0000002271583426955513
0.0000002267347929466769
0.0000002264023652865809
0.0000002263560349929301
0.0000002260877699059559
0.0000002254402690433129
0.0000002254084696526748
0.0000002247335601834395
0.0000002242950569844890
0.0000002242935326673172
0.0000002235649237558863
0.0000002230449644347186
0.0000002222454067294786
0.0000002220409335898366
0.0000002216689573228972
0.0000002215864032479194
0.0000002215677578081573
0.0000002205686911874706
0.0000002203632670713326
0.0000002197038309005702
0.0000002195867869879633
0.0000002195857094442153
0.0000002191818794832788
0.0000002185280462936785
0.0000002175081771224759
0.0000002161073184733036
0.0000002157164245796053
0.0000002150368382268841
0.0000002145276011190808
0.0000002141491483141551
0.0000002134147441541905
0.0000002131613836758490
0.0000002129522357058480
0.0000002126298157999117
0.0000002120023818586522
0.0000002112725063852468
0.0000002112671554582129
0.0000002111818266635176
0.0000002111023490714040
0.0000002101108806332494
0.0000002089769553024780
0.0000002086546493735656
0.0000002084838545849166
0.0000002072672665607194
0.0000002067261930340656
0.0000002066114791492405
0.0000002058576010480781
0.0000002053574031277755
0.0000002048438138231354
0.0000002046746342406387
0.0000002038811731435025
0.0000002030909363855663
0.0000002030815096565971
0.0000002030364838272477
0.0000002028057892298133
0.0000002004405486728559
0.0000002003351264953214
0.0000001987474810138265
0.0000001987305563486522
0.0000001983437256756843
0.0000001980641448214058
0.0000001980398054114612
0.0000001978511706756131
0.0000001976822034439813
0.0000001969675143106452
0.0000001968865595211805
0.0000001968395418362948
0.0000001966972268273849
0.0000001956761078148537
0.0000001955539198573727
0.0000001955202384289239
0.0000001945777538935368
0.0000001945126842816652
0.0000001936475346270731
0.0000001929993219738179
0.0000001929775193566279
0.0000001911696616475755
0.0000001911167866098576
0.0000001910771272358815
0.0000001901960131397646
0.0000001901406996571845
0.0000001900772858048807
0.0000001900401509916441
0.0000001887775961748768
0.0000001883890987399385
0.0000001876673231620252
0.0000001869829428178481
0.0000001867532327735492
0.0000001865543535313811
0.0000001847028213530683
0.0000001846575505418586
0.0000001839329333260750
0.0000001837309410802834
0.0000001834809217330290
0.0000001834204917656170
0.0000001827356612496888
0.0000001824778583636711
0.0000001823261241124667
0.0000001819748813340098
0.0000001807087492664965
0.0000001805320918536157
0.0000001796192833509872
0.0000001795443953167655
0.0000001793997225334969
0.0000001788084835067850
0.0000001786011101182554
0.0000001763007669756009
0.0000001750901631915163
0.0000001740859698762658
0.0000001733543250241123
0.0000001730167467633362
0.0000001726501789111354
0.0000001702870656583858
0.0000001700951654232135
0.0000001693754854402524
0.0000001693215992080674
0.0000001687816816126054
0.0000001684698250415153
0.0000001684480778638346
0.0000001679915146089911
0.0000001671571009753713
0.0000001670235295321163
0.0000001666374872466143
0.0000001660837574232340
0.0000001658357556784617
0.0000001656435400548024
0.0000001655843708795265
0.0000001655422208420275
0.0000001649645615180700
0.0000001647941167144405
0.0000001647611606120968
0.0000001633182094389749
0.0000001625462560252767
0.0000001613553602991492
0.0000001610734107244991
0.0000001605737225621523
0.0000001586023453771075
0.0000001583003601189495
0.0000001554071089319811
0.0000001545035279336988
0.0000001538545919714371
0.0000001530936195906134
0.0000001521636656731399
0.0000001484270784656376
0.0000001462029288590209
0.0000001456589572429316
0.0000001447431239444981
0.0000001437349128117536
0.0000001429474306906578
0.0000001425312476662334
0.0000001420890524904151
0.0000001418464080914645
0.0000001417728160340222
0.0000001407998695570967
0.0000001391295967255303
0.0000001390819919385404
0.0000001386476559563931
0.0000001384029393726247
0.0000001368038420897894
0.0000001364366428142875
0.0000001359785195279857
0.0000001356285361127612
0.0000001347285084764485
0.0000001347230341279948
0.0000001346518921964800
0.0000001336475289093224
0.0000001335893707741502
0.0000001332701671759235
0.0000001329084874932661
0.0000001328715669466688
0.0000001327569576480356
0.0000001319224271550829
0.0000001315726399550879
0.0000001311563728554220
0.0000001307835594978102
0.0000001306909398219623
0.0000001286177731597876
0.0000001284910467941256
0.0000001281489433245689
0.0000001278569986723834
0.0000001277496915582445
0.0000001265502927359765
0.0000001250692882910391
0.0000001244576389090522
0.0000001239464908367200
0.0000001237550706580937
0.0000001230019569301015
0.0000001224585252886753
0.0000001205680185805369
0.0000001205579810538841
0.0000001204730594580108
0.0000001199445599760781
0.0000001195934170723570
0.0000001193269904981459
0.0000001192489427639068
0.0000001191101788618782
0.0000001166900064812207
0.0000001165157803976771
0.0000001154407540884436
0.0000001141870224734500
0.0000001139021969521236
0.0000001136894102318374
0.0000001125021853825926
0.0000001119019566521287
0.0000001118869262252266
0.0000001118159495299035
0.0000001110743610389649
0.0000001107008221251756
0.0000001105995740131490
0.0000001100700765604809
0.0000001088891942451470
0.0000001084953774472283
0.0000001083920207907646
0.0000001072449874155522
0.0000001059793105172464
0.0000001057077949007778
0.0000001056415394161435
0.0000001045849565223880
0.0000001039654722764244
0.0000001035237548616460
0.0000001029519278360344
0.0000001023680672133541
0.0000001021273125602220
0.0000001020499203231016
0.0000001018000541289067
0.0000001014241278016036
0.0000001013712472178372
0.0000001012858675619462
0.0000001010477428588384
0.0000001002644201747393
0.0000001001728469894811
0.0000001000877320222703
0.0000000992892192329315
0.0000000985090689342089
0.0000000980053944550527
0.0000000969389424915028
0.0000000959823593554468
0.0000000959136234841846
0.0000000953471855040300
0.0000000946859302249198
0.0000000945823769437929
0.0000000930591705780556
0.0000000930569947742888
0.0000000928915185894704
0.0000000913757619777647
0.0000000906452512236078
0.0000000897155229189320
0.0000000895404188839088
0.0000000886536906122018
0.0000000885737996547436
0.0000000877415976196953
0.0000000870081081908537
0.0000000866793727433878
0.0000000858432247144559
0.0000000856437991620659
0.0000000855126752454740
0.0000000855038012489280
0.0000000854610054623588
0.0000000851519282453322
0.0000000848142252627560
0.0000000841183693576740
0.0000000840836549204874
0.0000000822463300796794
0.0000000811429340768589
0.0000000809839020294516
0.0000000806256921147401
0.0000000806042713825832
0.0000000801188287356072
0.0000000801184933675078
0.0000000799370571690734
0.0000000794758068214691
0.0000000776532077925549
0.0000000768740830209122
0.0000000764625626206425
0.0000000763979286053569
0.0000000761518682418737
0.0000000753270377759173
0.0000000749730867799979
0.0000000747007979561561
0.0000000741687330686452
0.0000000741080597716736
0.0000000721487757461344
0.0000000720386065129195
0.0000000715145365940131
0.0000000710743653125849
0.0000000710307630187445
0.0000000710063428134492
0.0000000708101355900384
0.0000000705801598071406
0.0000000699956455893354
0.0000000691272986512349
0.0000000690655817776827
0.0000000688339925480937
0.0000000679285756175283
0.0000000677074568010008
0.0000000671701354163860
0.0000000671342231946960
0.0000000667478957032417
0.0000000666654985745907
0.0000000666484460094401
0.0000000663698051489282
0.0000000658645268049337
0.0000000655277365276705
0.0000000654961105477649
0.0000000654082480464179
0.0000000653849719271185
0.0000000650451511036246
0.0000000649244864188891
0.0000000645412059912530
0.0000000643202278136438
0.0000000640627915333908
0.0000000637934434914841
0.0000000637583109057663
0.0000000636925696120515
0.0000000634121921172846
0.0000000633584547505870
0.0000000630181860223313
0.0000000598207072938587
0.0000000596177256089216
0.0000000592193802086100
0.0000000585907359148135
0.0000000576257566772466
0.0000000571110718490740
0.0000000557934532642483
0.0000000554424698846652
0.0000000550642347662017
0.0000000538299157075027
0.0000000534548480802425
0.0000000530329513485648
0.0000000524968934820748
0.0000000523221180934907
0.0000000516126767447579
0.0000000508503196591267
0.0000000494203375220314
0.0000000493623632634383
0.0000000490781719797449
0.0000000484491323311219
0.0000000482081213389241
0.0000000474035186128056
0.0000000466628405420886
0.0000000454397804634741
0.0000000451737528745957
0.0000000451195556856936
0.0000000442953573967076
0.0000000433518476678976
0.0000000425870659973056
0.0000000405828990818281
0.0000000400879526414421
0.0000000394634978060881
0.0000000380330680642728
0.0000000377313184503262
0.0000000374305192654180
0.0000000364405915538940
0.0000000361409675508820
0.0000000359359574662867
0.0000000355493784319658
0.0000000354521455596357
0.0000000354004191533399
0.0000000348694559445272
0.0000000347463681381599
0.0000000334463361481422
0.0000000328065678297147
0.0000000322860276548246
0.0000000317728454913130
0.0000000317256923927151
0.0000000314354687524322
0.0000000310327573514450
0.0000000308264154566445
0.0000000294643655817640
0.0000000287875702910424
0.0000000284704107819664
0.0000000274267041579245
0.0000000263154560170011
0.0000000259710985663501
0.0000000258915893852710
0.0000000258255021802680
0.0000000255437463451241
0.0000000250165617201270
0.0000000248370297761227
0.0000000246491325126856
0.0000000244807714770252
0.0000000238625691643744
0.0000000220932446235464
0.0000000220642375447659
0.0000000212514714126347
0.0000000210813210452764
0.0000000206158207793903
0.0000000201847080818652
0.0000000201599649651179
0.0000000201208288644846
0.0000000200929626460425
0.0000000193919209937613
0.0000000192595646506989
0.0000000186963189167474
0.0000000183013069343992
0.0000000182118709197477
0.0000000181952962490220
0.0000000176393412736368
0.0000000168977723481606
0.0000000166331154841764
0.0000000165086287329689
0.0000000164279620357484
0.0000000162765233974065
0.0000000162389037265509
0.0000000160905442060411
0.0000000159888285827365
0.0000000159419677501013
0.0000000154478724286620
0.0000000154052814685661
0.0000000151340432555109
0.0000000143821379963936
0.0000000142881232833416
0.0000000139752103870058
0.0000000138808352631170
0.0000000134554677795416
0.0000000127532031855323
0.0000000125871932514511
0.0000000124503927262127
0.0000000118226051425579
0.0000000116100181810559
0.0000000112753278469239
0.0000000110852287915216
0.0000000108016026107338
0.0000000104966943653183
0.0000000103984106976215
0.0000000102895672635747
0.0000000098224272891025
0.0000000094592808797918
0.0000000093026462963927
0.0000000092330834618537
0.0000000090149640139349
0.0000000089106152497714
0.0000000087654488323796
0.0000000084305666650997
0.0000000084212993580407
0.0000000082384650744977
0.0000000076898791528440
0.0000000076780067683421
0.0000000075763451349443
0.0000000074895797562678
0.0000000074654893953558
0.0000000074564076871458
0.0000000068870548858512
0.0000000068338044352991
0.0000000066210001939507
0.0000000063470875353357
0.0000000061821294768104
0.0000000061126466207652
0.0000000060595700331424
0.0000000060366493840030
0.0000000058179769313621
0.0000000057842178178407
0.0000000057575399070412
0.0000000055864256056068
0.0000000052917970364888
0.0000000052831774473413
0.0000000050765072278874
0.0000000047841780361201
0.0000000047805362820545
0.0000000046960081264747
0.0000000043914850309530
0.0000000043282643370046
0.0000000041549297609740
0.0000000040858809161895
0.0000000040721836686389
0.0000000037557770789910
0.0000000037377156417842
0.0000000036239364901910
0.0000000035566095703059
0.0000000033517617748796
0.0000000032718842269121
0.0000000031209446457954
0.0000000031001285759077
0.0000000030160296968773
0.0000000030061864928730
0.0000000028610124339283
0.0000000027479387365872
0.0000000026646298219784
0.0000000025280853509589
0.0000000021910714269566
0.0000000015494249494068
0.0000000013866401554441
0.0000000012148721012912
0.0000000011136990163615
0.0000000006841459552037
0.0000000006561343614638
0.0000000005857565574113
